0.027972
0.027972
0.027972
0.027972
0.027972
0.027972
0.027972
0.028021
0.032024
0.036027
0.04003
0.044033
0.048036
0.052039
0.056042
0.060045
0.062937
0.062937
0.065061
0.069064
0.073067
0.07707
0.081073
0.083916
0.083916
0.092607
0.10862
0.11826
0.12666
0.14267
0.15989
0.1799
0.19548
0.20749
0.21626
0.22427
0.23227
0.24028
0.24828
0.25629
0.2643
0.26902
0.27331
0.28132
0.28802
0.29202
0.29835
0.30635
0.31102
0.31537
0.32338
0.33138
0.33939
0.34739
0.3554
0.36679
0.37801
0.38202
0.38742
0.39543
0.40827
0.42428
0.43343
0.441
0.445
0.44901
0.45301
0.45701
0.46101
0.4685
0.47601
0.48002
0.48552
0.49353
0.50153
0.50954
0.51755
0.52501
0.52902
0.53302
0.53702
0.54103
0.54503
0.54903
0.55303
0.55704
0.56104
0.56504
0.56905
0.57305
0.57705
0.58169
0.5897
0.5977
0.60571
0.61105
0.61506
0.61906
0.62306
0.62707
0.63107
0.63507
0.63636
0.63636
0.64009
0.64409
0.64809
0.6521
0.6561
0.65734
0.65734
0.66112
0.66512
0.66912
0.67312
0.67713
0.68113
0.68513
0.68914
0.69314
0.69714
0.70115
0.70515
0.70915
0.71315
0.71329
0.71417
0.71817
0.72028
0.72028
0.72319
0.72719
0.72727
0.7282
0.73221
0.73427
0.73427
0.73722
0.74122
0.74126
0.74126
0.74126
0.74126
0.74126
0.74426
0.74825
0.74825
0.74825
0.74825
0.75029
0.7543
0.7583
0.76224
0.76224
0.76331
0.76732
0.77132
0.77532
0.77933
0.78333
0.78733
0.79134
0.79534
0.79934
0.80334
0.8168
0.83201
0.828
0.82517
0.82517
0.82736
0.83137
0.83217
0.83238
0.83638
0.84038
0.84439
0.84839
0.85239
0.85315
0.85315
0.85315
0.85442
0.85842
0.86014
0.86014
0.86014
0.86045
0.86445
0.86713
0.86713
0.86713
0.86713
0.87048
0.87413
0.87413
0.8755
0.8795
0.8835
0.88751
0.89151
0.89551
0.89951
0.9021
0.9021
0.90453
0.90853
0.90909
0.90909
0.90909
0.90762
0.90362
0.9021
0.9021
0.8986
0.8946
0.8906
0.88811
0.88811
0.88558
0.88158
0.88112
0.88112
0.88112
0.88268
0.88669
0.89069
0.89469
0.8987
0.9033
0.91131
0.91931
0.92732
0.9327
0.9367
0.9407
0.94471
0.94871
0.95271
0.95672
0.96072
0.96472
0.96872
0.97413
0.98614
0.99129
0.98729
0.98601
0.98601
0.98975
0.99301
0.99301
0.99301
0.99301
0.99301
0.99301
0.99301
0.99301
0.99301
0.9912
0.98719
0.98601
0.98601
0.98601
0.98601
0.98601
0.98601
0.98601
0.98601
0.98601
0.98601
0.98601
0.98601
0.98411
0.9801
0.9761
0.9721
0.97203
0.97108
0.96708
0.96112
0.95311
0.94808
0.94408
0.94406
0.94406
0.94406
0.94406
0.94406
0.94406
0.94406
0.94406
0.94718
0.95919
0.96709
0.97109
0.9843
0.99992
0.99592
0.99301
0.99301
0.99301
0.99301
0.99301
0.99313
0.99714
1
1
1
1
1
1
1
1
1
1
1
0.99678
0.99278
0.98878
0.98601
0.98601
0.98376
0.97976
0.97902
0.97875
0.97474
0.97203
0.97203
0.97203
0.97203
0.97534
0.97902
0.97902
0.97902
0.97902
0.98137
0.98537
0.98601
0.98601
0.98601
0.98601
0.98601
0.98362
0.97961
0.97561
0.97203
0.97203
0.97059
0.96659
0.96503
0.96503
0.96503
0.96503
0.96503
0.96503
0.96503
0.96503
0.96503
0.96503
0.96503
0.96503
0.96503
0.96503
0.96503
0.96503
0.96503
0.96503
0.96503
0.96345
0.95945
0.95804
0.95804
0.95444
0.95105
0.95105
0.94942
0.94542
0.94141
0.93741
0.93706
0.9364
0.93239
0.92839
0.92439
0.92308
0.92308
0.91937
0.91608
0.91608
0.91608
0.91608
0.91608
0.91608
0.91608
0.91685
0.92085
0.92308
0.92308
0.92308
0.92308
0.92308
0.92308
0.92308
0.92308
0.92308
0.92024
0.91624
0.91223
0.90909
0.90909
0.90722
0.90321
0.89921
0.89521
0.8912
0.88811
0.88811
0.88811
0.88811
0.88811
0.88811
0.88416
0.88112
0.88112
0.88112
0.88112
0.88112
0.88112
0.87712
0.87312
0.86911
0.86511
0.86111
0.86014
0.8601
0.85609
0.85315
0.85315
0.85315
0.85315
0.85006
0.84615
0.84615
0.84505
0.84104
0.83916
0.83916
0.83603
0.83217
0.83217
0.83101
0.82701
0.82517
0.82517
0.82517
0.82517
0.82517
0.82517
0.82517
0.82517
0.82517
0.82517
0.82517
0.82517
0.82517
0.82517
0.82517
0.82517
0.82517
0.82517
0.82517
0.82517
0.82517
0.82286
0.81886
0.81818
0.81784
0.81384
0.80984
0.80584
0.80183
0.79783
0.79383
0.79021
0.79021
0.78881
0.78481
0.78322
0.78322
0.77979
0.77622
0.77622
0.77622
0.77622
0.77622
0.77622
0.77275
0.76923
0.76923
0.76773
0.76373
0.75973
0.75572
0.75524
0.75471
0.75071
0.74825
0.74825
0.74569
0.74169
0.73769
0.73368
0.72968
0.72727
0.72727
0.72466
0.72066
0.71666
0.71266
0.70865
0.70465
0.70065
0.69664
0.69264
0.69231
0.69231
0.69231
0.69061
0.68661
0.68531
0.68531
0.6816
0.67759
0.67359
0.67133
0.67133
0.66857
0.66457
0.66057
0.65734
0.65734
0.65555
0.65155
0.64755
0.64354
0.64336
0.64253
0.63853
0.63636
0.63636
0.63351
0.62951
0.62937
0.62849
0.62449
0.62238
0.62238
0.62238
0.62238
0.62238
0.62238
0.62238
0.62044
0.61644
0.61538
0.61538
0.61142
0.60839
0.60839
0.6064
0.6024
0.5984
0.5944
0.59039
0.58639
0.58239
0.57838
0.57438
0.57038
0.56643
0.56643
0.56536
0.56136
0.55736
0.55335
0.54935
0.54545
0.54545
0.54433
0.54033
0.53633
0.53232
0.52832
0.52432
0.52032
0.51631
0.51231
0.50831
0.5043
0.5035
0.5035
0.5035
0.5035
0.5035
0.5035
0.5035
0.5035
0.5035
0.5035
0.5035
0.5035
0.50122
0.49721
0.49321
0.48921
0.4852
0.48252
0.48252
0.48019
0.47619
0.47552
0.47517
0.47117
0.46853
0.46853
0.46615
0.46215
0.46154
0.46154
0.46154
0.46295
0.46696
0.46853
0.46853
0.46853
0.46853
0.46853
0.46853
0.46853
0.46606
0.46205
0.46154
0.46104
0.45704
0.45303
0.44903
0.44755
0.44755
0.44401
0.44001
0.43601
0.43357
0.43357
0.43099
0.42699
0.42657
0.42657
0.42657
0.42496
0.42096
0.41958
0.41958
0.41594
0.41259
0.41259
0.41259
0.41259
0.40992
0.40591
0.40559
0.4049
0.4009
0.3986
0.3986
0.39588
0.39188
0.39161
0.39086
0.38686
0.38286
0.37886
0.37762
0.37762
0.37384
0.36984
0.36583
0.36364
0.36364
0.36364
0.36364
0.3598
0.35664
0.35664
0.35664
0.35664
0.35664
0.35664
0.36052
0.36364
0.36364
0.36364
0.36364
0.36364
0.36364
0.36364
0.36364
0.36364
0.36364
0.36364
0.36067
0.35667
0.35664
0.35565
0.35165
0.34965
0.34965
0.34965
0.34965
0.34965
0.34965
0.34965
0.34965
0.34965
0.34965
0.34958
0.34557
0.34266
0.34266
0.34266
0.34266
0.33954
0.33566
0.33566
0.33453
0.33053
0.32652
0.32252
0.32168
0.32151
0.3175
0.3135
0.3095
0.30769
0.30769
0.30448
0.3007
0.3007
0.29947
0.29546
0.29371
0.29371
0.29045
0.28671
0.28671
0.28671
0.28671
0.28442
0.28042
0.27972
0.27972
0.27972
0.27972
0.27972
0.27972
0.27972
0.27972
0.27935
0.27535
0.27273
0.27273
0.27273
0.27273
0.27273
0.27273
0.27273
0.2713
0.2673
0.26573
0.26573
0.26573
0.26573
0.26573
0.26573
0.26573
0.26573
0.26573
0.26573
0.26522
0.26122
0.25874
0.25874
0.2562
0.2522
0.25175
0.25119
0.24718
0.24476
0.24476
0.24217
0.23816
0.23776
0.23776
0.23776
0.23776
0.23776
0.23512
0.23112
0.23077
0.23077
0.23077
0.2291
0.22509
0.22378
0.22378
0.22008
0.21607
0.21207
0.20979
0.20979
0.20705
0.20305
0.2028
0.20204
0.19804
0.1958
0.1958
0.1958
0.1958
0.1958
0.1958
0.1958
0.1958
0.1958
0.1958
0.1958
0.1958
0.1958
0.1958
0.19393
0.18993
0.18881
0.18881
0.18492
0.18182
0.18182
0.18182
0.18182
0.17889
0.17488
0.17483
0.17387
0.16987
0.16783
0.16783
0.16783
0.16783
0.16783
0.16683
0.16283
0.16084
0.16084
0.16084
0.16084
0.16084
0.16084
0.16084
0.16084
0.16084
0.15776
0.15385
0.15385
0.15385
0.15385
0.15173
0.14773
0.14685
0.14672
0.14271
0.13986
0.13986
0.1377
0.13369
0.13287
0.13287
0.13287
0.13287
0.13287
0.13287
0.13287
0.12964
0.12587
0.12587
0.12587
0.12587
0.12587
0.12587
0.12587
0.12587
0.12587
0.12587
0.12587
0.12587
0.12587
0.12587
0.12587
0.12587
0.12587
0.12587
0.12587
0.12587
0.12587
0.12549
0.12149
0.11888
0.11888
0.11888
0.11888
0.11546
0.11189
0.11189
0.11189
0.11189
0.10943
0.10543
0.1049
0.1049
0.1049
0.1049
0.1049
0.10239
0.098387
0.097902
0.097902
0.097902
0.097902
0.097902
0.097902
0.097902
0.097902
0.097902
0.097902
0.097902
0.097902
0.097902
0.097902
0.097902
0.097902
0.097902
0.097902
0.097902
0.097902
0.097902
0.097902
0.097227
0.093224
0.090909
0.090909
0.090909
0.090909
0.090909
0.090909
0.090909
0.089172
0.085169
0.083916
0.083916
0.083916
0.083916
0.083916
0.083916
0.083916
0.083916
0.083916
0.083916
0.083916
0.083916
0.083916
0.083916
0.083916
0.083916
0.083916
0.083916
0.083916
0.083916
0.083916
0.083916
0.083916
0.083916
0.083916
0.083916
0.081983
0.07798
0.076923
0.076923
0.076923
0.076923
0.076923
0.076923
0.076923
0.073928
0.06993
0.06993
0.06993
0.06993
0.06993
0.06993
0.06993
0.06993
0.06993
0.06993
0.06993
0.06993
0.06993
0.06993
0.06993
0.06993
0.06993
0.06993
0.067801
0.063798
0.062937
0.062937
0.062937
0.062937
0.062937
0.062937
0.062937
0.062937
0.062937
0.062937
0.062937
0.062937
0.062937
0.062937
0.062937
0.062937
0.062937
0.062937
0.062937
0.062937
0.062937
0.059649
0.055944
0.055944
0.055944
0.055944
0.055944
0.055944
0.055944
0.055944
0.055944
0.055944
0.055944
0.055944
0.055944
0.055944
0.055944
0.055944
0.055944
0.055944
0.055944
0.055944
0.055944
0.055944
0.055944
0.055944
0.055944
0.055944
0.055944
0.055944
0.055944
0.055944
0.055944
0.055944
0.055944
0.055944
0.055944
0.055944
0.055944
0.055944
0.055944
0.055944
0.055944
0.055944
0.055944
0.055944
0.055944
0.055944
0.053326
0.049323
0.048951
0.048951
0.048951
0.048951
0.048951
0.048951
0.048951
0.048951
0.048951
0.048951
0.048951
0.048951
0.048951
0.048951
0.048951
0.048951
0.048951
0.048951
0.048951
0.048951
0.048951
0.048951
0.048951
0.048951
0.048951
0.048951
0.048951
0.048951
0.048951
0.048114
0.044111
0.041958
0.041958
0.041958
0.041958
0.041958
0.041072
0.037069
0.034965
0.034965
0.034965
0.034965
0.034965
0.034965
0.034965
0.034965
0.034965
0.037926
0.041929
0.041958
0.041958
0.041958
0.041958
0.041958
0.041958
0.041938
0.037935
0.034965
0.034965
0.034965
0.034965
0.034965
0.034965
0.034965
0.034965
0.034965
0.034965
0.034965
0.034965
0.034965
0.034965
0.034965
0.034965
0.034965
0.034965
0.034965
0.034965
0.034965
0.034965
0.034965
0.032773
0.02877
0.027972
0.027972
0.027972
0.027972
0.027972
0.027972
0.027972
0.027972
0.027972
0.027972
0.027972
0.027972
0.027972
0.027972
0.027972
0.027972
0.027972
0.027972
0.027972
0.027972
0.027972
0.027972
0.027972
0.027972
0.027972
0.027972
0.027972
0.027972
0.027972
0.027972
0.027972
0.027972
0.027972
0.027972
0.027972
0.027972
0.027972
0.027972
0.027972
0.027972
0.027972
0.027972
0.027972
0.027972
0.027972
0.027972
0.027972
0.027972
0.027972
0.027972
0.027972
0.027972
0.027972
0.027972
0.027972
0.027972
0.027972
0.027972
0.027972
0.027972
0.027972
0.027972
0.027972
0.027972
0.027972
0.027972
0.027972
0.027972
0.027972
0.027972
0.027972
0.027972
0.027972
0.027972
0.027972
0.027972
0.027972
0.027972
0.027972
0.027972
0.027972
0.027972
0.027972
0.027972
0.027972
0.027972
0.027972
0.027972
0.027972
0.027972
0.027972
0.027972
0.027972
0.027972
0.027972
0.027972
0.027972
0.027972
0.027972
0.027972
0.027972
0.027972
0.027972
0.027972
0.027972
0.024033
0.020979
0.020979
0.020979
0.020979
0.020979
0.020979
0.020979
0.020979
0.020979
0.020979
0.020979
0.020979
0.020979
0.020979
0.020979
0.020979
0.020979
0.020979
0.020979
0.020979
0.020979
0.020979
0.020979
0.020979
0.020979
0.020979
0.020979
0.020979
0.020979
0.020979
0.020979
0.020979
0.020979
0.020979
0.020979
0.020979
0.020979
0.020979
0.020979
0.020979
0.020979
0.020979
0.020979
0.020979
0.020979
0.020979
0.020979
0.020979
0.020979
0.020979
0.020979
0.020979
0.020979
0.020979
0.020979
0.020979
0.020979
0.020979
0.020979
0.020979
0.020979
0.020979
0.020979
0.020979
0.020979
0.020979
0.020979
0.020979
0.020979
0.020979
0.020979
0.020979
0.020979
0.020979
0.020979
0.020979
0.020979
0.020979
0.020979
0.020979
0.020979
0.020979
0.020979
0.020979
0.020979
0.020979
0.020979
0.020979
0.020979
0.020979
0.020979
0.020979
0.020979
0.020979
0.020979
0.020979
0.020979
0.020979
0.020979
0.020979
0.020979
0.020979
0.020979
0.020979
0.020979
0.020979
0.020979
0.020979
0.020979
0.020979
0.020979
0.020979
0.020979
0.020979
0.020979
0.020979
0.020979
0.020979
0.020979
0.020979
0.020979
0.020979
0.020979
0.020979
0.020979
0.020979
0.020979
0.020979
0.020979
0.020979
0.020979
0.020979
0.020979
0.020979
0.020979
0.020979
0.020979
0.020979
0.020979
0.020979
0.020979
0.020979
0.020979
0.020979
0.020979
0.020979
0.020979
0.020979
0.020979
0.023969
0.027972
0.021371
0.021377
0.021382
0.021388
0.021394
0.0214
0.021406
0.021412
0.021418
0.021424
0.02143
0.021435
0.021441
0.021447
0.021453
0.021459
0.021465
0.021471
0.021477
0.021483
0.021489
0.021494
0.0215
0.021506
0.021512
0.021518
0.021524
0.02153
0.021536
0.021542
0.021547
0.021553
0.021559
0.021565
0.021571
0.021577
0.021583
0.021589
0.021595
0.021601
0.021606
0.021612
0.021618
0.021624
0.02163
0.021636
0.021642
0.021648
0.021654
0.021659
0.021665
0.021671
0.021677
0.021683
0.021689
0.021695
0.021701
0.021707
0.021713
0.021718
0.021724
0.02173
0.021736
0.021742
0.021748
0.021754
0.02176
0.021766
0.021771
0.021777
0.021783
0.021789
0.021795
0.021801
0.021807
0.021813
0.021819
0.021825
0.02183
0.021836
0.021842
0.021848
0.021854
0.02186
0.021866
0.021872
0.021878
0.021883
0.021889
0.021895
0.021901
0.021907
0.021913
0.021919
0.021925
0.021931
0.021937
0.021942
0.021948
0.021954
0.02196
0.021966
0.021972
0.021978
0.021984
0.02199
0.021995
0.022001
0.022007
0.022013
0.022019
0.022025
0.022031
0.022037
0.022043
0.022049
0.022054
0.02206
0.022066
0.022072
0.022078
0.022084
0.02209
0.022096
0.022102
0.022107
0.022113
0.022119
0.022125
0.022131
0.022137
0.022143
0.022149
0.022155
0.022161
0.022166
0.022172
0.022178
0.022184
0.02219
0.022196
0.022202
0.022208
0.022214
0.022219
0.022225
0.022231
0.022237
0.022243
0.022249
0.022255
0.022261
0.022267
0.022273
0.022278
0.022284
0.02229
0.022296
0.022302
0.022308
0.022314
0.02232
0.022326
0.022331
0.022337
0.022343
0.022349
0.022355
0.022361
0.022367
0.022373
0.022379
0.022385
0.02239
0.022396
0.022402
0.022408
0.022414
0.02242
0.022426
0.022432
0.022438
0.022443
0.022449
0.022455
0.022461
0.022467
0.022473
0.022479
0.022485
0.022491
0.022497
0.022502
0.022508
0.022514
0.02252
0.022526
0.022532
0.022538
0.022544
0.02255
0.022555
0.022561
0.022567
0.022573
0.022579
0.022585
0.022591
0.022597
0.022603
0.022609
0.022614
0.02262
0.022626
0.022632
0.022638
0.022644
0.02265
0.022656
0.022662
0.022667
0.022673
0.022679
0.022685
0.022691
0.022697
0.022703
0.022709
0.022715
0.022721
0.022726
0.022732
0.022738
0.022744
0.02275
0.022756
0.022762
0.022768
0.022774
0.022779
0.022785
0.022791
0.022797
0.022803
0.022809
0.022815
0.022821
0.022827
0.022833
0.022838
0.022844
0.02285
0.022856
0.022862
0.022868
0.022874
0.02288
0.022886
0.022891
0.022897
0.022903
0.022909
0.022915
0.022921
0.022927
0.022933
0.022939
0.022944
0.02295
0.022956
0.022962
0.022968
0.022974
0.02298
0.022986
0.022992
0.022998
0.023003
0.023009
0.023015
0.023021
0.023027
0.023033
0.023039
0.023045
0.023051
0.023056
0.023062
0.023068
0.023074
0.02308
0.023086
0.023092
0.023098
0.023104
0.02311
0.023115
0.023121
0.023127
0.023133
0.023139
0.023145
0.023151
0.023157
0.023163
0.023168
0.023174
0.02318
0.023186
0.023192
0.023198
0.023204
0.02321
0.023216
0.023222
0.023227
0.023233
0.023239
0.023245
0.023251
0.023257
0.023263
0.023269
0.023275
0.02328
0.023286
0.023292
0.023298
0.023304
0.02331
0.023316
0.023322
0.023328
0.023334
0.023339
0.023345
0.023351
0.023357
0.023363
0.023369
0.023375
0.023381
0.023387
0.023392
0.023398
0.023404
0.02341
0.023416
0.023422
0.023428
0.023434
0.02344
0.023446
0.023451
0.023457
0.023463
0.023469
0.023475
0.023481
0.023487
0.023493
0.023499
0.023504
0.02351
0.023516
0.023522
0.023528
0.023534
0.02354
0.023546
0.023552
0.023558
0.023563
0.023569
0.023575
0.023581
0.023587
0.023593
0.023599
0.023605
0.023611
0.023616
0.023622
0.023628
0.023634
0.02364
0.023646
0.023652
0.023658
0.023664
0.02367
0.023675
0.023681
0.023687
0.023693
0.023699
0.023705
0.023711
0.023717
0.023723
0.023728
0.023734
0.02374
0.023746
0.023752
0.023758
0.023764
0.02377
0.023776
0.023782
0.023787
0.023793
0.023799
0.023805
0.023811
0.023817
0.023823
0.023829
0.023835
0.02384
0.023846
0.023852
0.023858
0.023864
0.02387
0.023876
0.023882
0.023888
0.023894
0.023899
0.023905
0.023911
0.023917
0.023923
0.023929
0.023935
0.023941
0.023947
0.023952
0.023958
0.023964
0.02397
0.023976
0.023982
0.023988
0.023994
0.024
0.024006
0.024011
0.024017
0.024023
0.024029
0.024035
0.024041
0.024047
0.024053
0.024059
0.024064
0.02407
0.024076
0.024082
0.024088
0.024094
0.0241
0.024106
0.024112
0.024118
0.024123
0.024129
0.024135
0.024141
0.024147
0.024153
0.024159
0.024165
0.024171
0.024176
0.024182
0.024188
0.024194
0.0242
0.024206
0.024212
0.024218
0.024224
0.02423
0.024235
0.024241
0.024247
0.024253
0.024259
0.024265
0.024271
0.024277
0.024283
0.024288
0.024294
0.0243
0.024306
0.024312
0.024318
0.024324
0.02433
0.024336
0.024342
0.024347
0.024353
0.024359
0.024365
0.024371
0.024377
0.024383
0.024389
0.024395
0.0244
0.024406
0.024412
0.024418
0.024424
0.02443
0.024436
0.024442
0.024448
0.024454
0.024459
0.024465
0.024471
0.024477
0.024483
0.024489
0.024495
0.024501
0.024507
0.024512
0.024518
0.024524
0.02453
0.024536
0.024542
0.024548
0.024554
0.02456
0.024566
0.024571
0.024577
0.024583
0.024589
0.024595
0.024601
0.024607
0.024613
0.024619
0.024624
0.02463
0.024636
0.024642
0.024648
0.024654
0.02466
0.024666
0.024672
0.024678
0.024683
0.024689
0.024695
0.024701
0.024707
0.024713
0.024719
0.024725
0.024731
0.024736
0.024742
0.024748
0.024754
0.02476
0.024766
0.024772
0.024778
0.024784
0.02479
0.024795
0.024801
0.024807
0.024813
0.024819
0.024825
0.024831
0.024837
0.024843
0.024848
0.024854
0.02486
0.024866
0.024872
0.024878
0.024884
0.02489
0.024896
0.024902
0.024907
0.024913
0.024919
0.024925
0.024931
0.024937
0.024943
0.024949
0.024955
0.02496
0.024966
0.024972
0.024978
0.024984
0.02499
0.024996
0.025002
0.025008
0.025014
0.025019
0.025025
0.025031
0.025037
0.025043
0.025049
0.025055
0.025061
0.025067
0.025072
0.025078
0.025084
0.02509
0.025096
0.025102
0.025108
0.025114
0.02512
0.025126
0.025131
0.025137
0.025143
0.025149
0.025155
0.025161
0.025167
0.025173
0.025179
0.025184
0.02519
0.025196
0.025202
0.025208
